"C01","C02","C03","C04","C05","C06","C07","C08","C09","C10","T01","T02","T03","T04","T05","T06","T07","T08","T09","T10"
"RPL22",11,17613,0,1276,3,3,2,0,4113,0,6,2757,1,0,0,2,4,4,0,0
"RPL11",10,44452,2,7,1,8,2,2,3,5941,73,85876,1,2,7108,14,11,7,15636,0
"SH3BGRL3",9,26379,31,129750,4,10,0,0,0,2,14,16,0,2,14235,0,0,7436,0,0
"ZMPSTE24",18,31732,0,4,1,12,2,0,0,0,0,0,0,0,0,0,0,0,0,0
"RPS8",7,37993,12,12812,1,6,2,3,21,8,5,16924,0,3,8542,0,0,6669,59274,4
"EFCAB14",9,17410,3,0,0,0,2,0,0,12,2,0,0,0,0,0,0,3,0,0
"PRKACB",2,7069,16,0,2,3,2,0,0,0,6,2,4,23,40403,14,1,0,0,0
"LRRC8C",9,18235,16,2,2,1,2,0,0,0,0,0,0,0,0,4,0,0,0,0
"RPL5",9,25294,12,4,0,17,25397,0,6,0,29,1,0,8,13530,0,0,10,9,0
"STXBP3",4,9752,13,14,33,140,478724,0,0,0,0,1,0,0,0,0,0,0,0,0
"NBPF8",1,601,0,0,0,0,0,8,16,10251,45,4,33,34,100,68,0,0,4,1
"NBPF26",2,505,2,0,1,1,1,10,16,18031,37,0,0,7,165,57,2,1,0,0
"NBPF15",1,610,2,2,0,0,13,0,35,22484,14,0,0,0,29,40,0,1,6,0
"NBPF20",2,1212,0,2,0,0,19,6,14,25488,0,2,0,69,742,21,25,6,3,3
"RBM8A",8,600,11,7,111,118733,10,0,0,0,8,0,0,0,0,17,0,0,0,0
"NBPF10",2,43,10,2,0,0,1,9,0,4075,14,0,0,5,449,38,0,1,0,0
"NUDT4P2",0,21,1,3,6673,48,64274,0,0,6,0,0,0,0,0,0,0,2,0,1
"NBPF12",8,271,4,0,0,0,0,6,22,40369,21,13,0,12,87,66,0,7,3,2
"NBPF14",0,148,10,2,0,0,3,9,0,8807,25,0,0,4,501,46,1,0,8,0
"NUDT4B",0,21,1,3,6673,48,64280,0,0,6,0,0,0,0,0,0,0,2,0,1
"NBPF9",1,265,2,0,0,0,1,3,31,34214,0,0,68,12,16,65,0,1,2,2
"NBPF19",0,314,24,0,0,21,15,30,24,45372,20,2,23,19,10189,139,5,1,7,4
"S100A9",4,32523,1,5,0,7,0,4,6,8,2,22480,3,14,19067,6,0,1962,103589,1
"S100A8",12,54279,2,1,0,13,5,0,0,0,2,18996,0,9,20789,3,2,0,60,0
"RPS27",34,67055,0,340,2,5913,3,255,134420,315,24,19394,3,2,7683,8,3,22497,3399,3
"GON4L",3,8899,15,0,0,5,0,18,0,0,5,571,0,0,0,26,0,0,0,1
"IFI16",0,6019,0,0,0,4,0,9,19,27,0,0,0,0,0,0,0,76,226991,3
"FCGR2B",0,1,2,0,6,0,0,32,10,64,0,0,0,0,11,0,0,53,224307,2
"LOC124900412",12,589,14,0,4,2,0,0,0,5,2,3791,39,0,0,407,0,2,0,0
"PRRC2C",7,13876,2,2,1,4,0,39087,90430,14,15,111502,1,6,718,21,4,5565,2,3
"VAMP4",3,1218,6,5,34,35,170412,0,0,11,1,0,0,0,0,0,0,0,0,0
"SUCO",0,0,0,3,2,40,9367,4,3,6,0,0,0,0,0,0,0,9,39528,1
"TPR",2,6236,4,0,2,4,0,0,0,0,0,0,0,0,1,0,0,1018,0,0
"RGS18",6,5559,2,7,4,1,0,0,13,23,7,405,7,23,110302,2,5,105456,2,3
"LPGAT1",4,3,11,48,176023,4,8,0,0,0,0,10,0,0,0,0,0,0,0,0
"RPL21P28",1,15704,0,1,0,0,0,62634,800,3,0,144,0,1,0,0,0,6136,3,1
"CAPN2",6,26746,3,2,3,12,24708,1,5485,0,0,0,0,0,0,20,0,0,0,0
"H3-3A",6,18854,1,0,219,7,4,0,16687,0,47,18672,48,6,5,4,1,2649,10796,6
"LOC105379854",6,100,2,2121,0,15,4,0,1,31,3,2,0,16,2,221,2,5,2,9
"RPS7",4,10271,0,0,3,3347,2,0,0,0,0,0,0,0,1,4406,0,53,0,0
"ITSN2",2,7896,2,0,1,2,2,0,0,0,0,0,8,2,0,135,0,0,0,3
"NCOA1",2,4400,5,12,2,20489,0,0,0,0,2,4,21,2,11100,0,0,2,1319,0
"PPP1CB",3,7342,2,0,0,4,0,305,0,0,0,0,0,0,14,41,0,5,0,0
"RPS27A",10,23683,0,3,2,69,3,0,3553,6,10,85019,2,4,477,25,2,25049,8,1
"AFTPH",143191,1,5,0,6,7,0,8,0,0,0,0,4,0,0,0,0,0,0,0
"ACTR2",16,10179,0,0,2,0,2,0,0,14,0,9,0,35,681,1,3,3,0,0
"GNLY",12,9243,0,2,1,0,0,6,6293,0,0,0,0,14,0,0,0,0,0,0
"MRPL30",17,43149,0,3,0,5,4,0,0,0,12,0,0,0,0,0,0,0,0,0
"RPL31",31,93783,23,70096,6,15,12,3,100536,12,25,162400,124472,15,3835,3301,5,83313,6,4
"IL1RL1",42,115,69,139,356,1219754,49,0,0,0,0,0,0,0,0,0,0,0,0,0
"LIMS4",8,0,0,2,2,5,0,3,21,8,12,5,3,0,4,1272,5,2,357,1
"RGPD6",1,2647,9,0,0,4,0,0,35,0,0,3,3,4,2,8285,3191,4,33,10172
"POTEF",3,21,6,2,3,6,0,0,77,0,6,9,0,5,0,61,2,1,0,0
"POTEJ",3,28,0,11,2,4,0,0,15,0,2,9,0,6,4,2,0,2,0,2
"UBXN4",1,1399,1,12,2,25,119503,16,0,0,3,0,0,0,0,0,0,0,0,0
"H3P6",9,21498,1,0,276,7,6,0,16689,0,72,19147,71,5,7,4,1,2631,18589,6
"TTN",73,266,2,0,0,3,6,3,0,50,2,0,2,113,4,4,0,0,0,6
"PMS1",11,30,21,23,40,285381,16,0,0,0,0,0,0,0,0,0,0,0,0,0
"TRAK2",43,123079,23,719,5,28,9,133,125383,262,179,1324379,23,90,145732,4466,25,1001265,163884,24
"RAPH1",0,16,1362,1983,232,73,0,0,5,15,10257,2,2,0,3239,118,3,387,322,2938
"EEF1B2",1,4230,1,10659,1,0,2,0,3,874,2,6,0,0,0,17,0,0,0,0
"IKZF2",0,0,2,0,4,0,4,5,0,32,0,0,0,0,2,160,0,31340,4,2
"RPL37A",10,32820,3,2,1,4,14,36476,20733,16,21,91373,3,2,14821,55,6,35485,4367,2
"NCL",2,5247,0,0,2,0,0,0,16,10,20,7436,0,9,0,5,0,29,9,0
"PTMA",4,2544,0,287,0,6,0,0,67,0,5,1,0,1,2864,0,0,3,0,0
"HDLBP",8,0,13,0,6,0,0,7,1,12,0,0,0,0,0,0,0,39,113515,7
"ARL8B",4,344,46,0,19,88860,2,0,0,0,2,30,0,0,0,0,0,4,0,2
"RPL32",4,28695,0,11,1,2,3,28,61214,22,12,10,0,6,1206,0,0,64134,34380,2
"RPL15",7,17375,2,2,3,2,2,8,45319,7,10,11087,0,0,1101,1,2,30968,7034,2
"CRTAP",5,10,16,24,8,58147,3,0,0,0,0,0,0,0,879,59,0,0,0,0
"RPSA",6,10066,0,3,3396,3,0,0,237,2,0,7,8,4,692,0,0,20996,3,1
"RPL14",1,18794,6,0,1,4,1188,14,74242,14,2,0,0,0,4,31,0,6561,1,3
"GNAI2",6,3836,9,8,24,81,307748,2,0,0,0,8,0,0,2,0,0,0,0,0
"FAM107A",3,9963,2,7,19373,2,2,0,0,0,0,0,0,0,0,0,2,0,0,0
"LOC107986015",0,1118,0,2,4,22,4,14,0,29,4,0,6,26,0,189,2,0,0,0
"PCNP",14,37597,0,415,1779,8,1,3,6,10,2,15769,0,0,400,586,2,31427,42727,0
"RPL24",1,4008,0,0,0,1,0,9,13,13,0,1,0,0,0,0,0,1238,158509,2
"XRN1",36,239,30,144,170,683670,7,4,4,4,0,0,0,21,0,0,0,4704,0,0
"LINC02067",3,16967,0,1,2,3,0,1,84,7,3,0,0,0,340,10,0,15263,0,4
"SNORA63",9,18488,3,2,0,4,0,4,2,16,6,4,2,11,28590,0,0,45814,271,2
"LOC101928669",12,0,6,1,0,38,7,8,0,3,0,2,0,3,1,587,2,1,7,2
"KIAA0232",6,19638,2,2,0,7,2,0,0,8,4,0,2,3,0,22,24996,0,0,0
"BOD1L1",10,25264,7,1,0,3,2,8,0,0,0,0,0,0,3332,10,0,2,0,0
"RPL9",6,10839,7503,28,0,4,0,0,1388,0,2,8420,0,0,19,4,2,1,1,0
"PPBP",6,17225,1,14,17358,1,0,0,4,17,7,3065,8,61173,38343,41,0,104593,6,3
"BMP2K",21,39664,8,2,0,6,2,0,16,0,0,0,0,11,2,0,0,0,0,4
"JADE1",54,93,58,127,376,1082947,18,0,0,0,0,0,0,0,0,0,0,0,0,2
"RPS3A",22,33714,0,0,0,1,1,7,39603,10,3,11,6,1771,9,0,0,55726,4,1
"TRIO",10,6431,4,9,0,1,2,7,0,0,0,7,0,45,2,50,0,6,3,2
"RPL37",29,76758,17,11,6984,14,1427,1039,33538,2,15,10493,1,861,1020,505,0,7350,2,0
"GAPT",724,0,22,70262,2,0,6,0,0,0,0,0,0,0,0,0,0,0,0,0
"PIK3R1",4,2774,63093,0,4,1,2,0,0,0,0,0,0,0,0,90,0,0,0,1
"LOC644936",0,407,0,116,16,23,0,1,325,0,0,132,0,0,0,0,0,103,0,0
"RPS23",3,8991,2,1,132,4,0,1,33,0,14,37788,5,29,79129,21,4,7711,60,0
"COX7C",7,21114,2,6,1,0,1,0,0,0,1,0,1,3,11522,0,1,10,0,0
"APC",63989,3,6,4,2,0,0,0,3,6,0,0,0,4,6548,0,0,0,0,0
"ARHGAP26",20,38148,4,4,0,106,8,15638,0,1,0,17,6,0,0,70,0,1,0,0
"CD74",2,24996,5,1,3,3,2,0,0,0,0,0,0,0,0,0,0,34,0,0
"RPS14",14,42153,4,0,1,22,2,0,0,4,5,0,0,1,3372,0,0,9136,0,0
"G3BP1",1,2854,6,10718,0,1,0,101916,4,1,5,20362,0,24,2,1,2,0,5,3
"RACK1",8,33232,0,5,0,6,3,28,216232,4,5,10,0,0,0,0,0,4,6891,6
"HIVEP1",22,51,28,61,143,450889,6,0,0,0,2,0,0,12,2,27,2,0,0,0
"JARID2",10,39810,1,3,2,16,9,0,1,0,0,0,83,0,0,49,0,0,0,0
"H2AC6",3,12951,0,3,1,4,0,0,1,5,9,0,0,0,0,0,0,6,21449,1
"RPS18",14,51172,0,599,753,13,1,3,4,1,21,36320,0,1,759,44,2,8106,34402,1
"TBC1D22B",10,33893,2,4,1,2,3,8,0,5,0,0,0,0,0,6,0,0,0,0
"ENPP4",1,10964,0,4,2,0,2,0,0,0,0,0,0,0,0,6,0,0,0,2
"RN7SK",2754,75225,11,2,3,12,5,13,51186,21,10,3138,17,65652,77725,7,4,1847,178481,3
"DST",2,91,7,0,2,0,0,835310,9,20,0,0,0,19,0,56,4,16,31,21
"EEF1A1",22,57355,5,8,5,9023,265,3230,24434,78,89,13633,0,3,1213,128,4,106738,62620,10
"PHIP",10,16705,0,0,2,2,2,18,16,0,0,0,0,4,0,6645,4,2,0,0
"TRMT11",6,2412,2,3,0,3,0,6,2,2,6,2,0,14,0,53,0,0,0,0
"LOC124900216",6,0,0,0,0,10,14,6,16,10,0,0,0,2,0,51,2,0,0,0
"RPS12",5,45837,2,6,0,13,3,0,187,1,38,1847,3,2,15425,618,0,9538,1,0
"ADGRG6",9,10,4,6,82,120263,1,0,0,0,0,0,2,0,0,31,4,0,2,0
"HIVEP2",5,545,2,0,0,1,0,7,12,4,4,0,0,2,2,78,0,6,0,11
"MTHFD1L",3,14821,2,9,0,3,2,15,73398,26,1,0,63,32,2,119,6,35414,26388,3
"LOC124901577",2,1,4,0,3,10,0,0,5,18,3,2,42,2,0,73,0,0,15,0
"ACTB",5,31374,2,1639,3405,12403,278,98,99988,9,7,33637,16,5,169,3,2,16180,19,6
"LOC107986768",8,0,2,0,0,9,8214,6,35,0,0,0,0,3,0,48,0,4,0,0
"PPIA",1,3717,2,0,0,0,2,2,15689,0,4,0,0,0,0,0,0,0,0,0
"ZNF107",11,19039,0,0,2,0,4,3,0,52,9,0,0,0,0,0,0,2,0,4
"AKAP9",4,1275,67,10826,1,0,0,0,0,4,0,0,0,0,0,0,0,0,0,3
"KMT2E",2,4270,0,0,2,5,0,0,20,0,6,0,0,0,0,0,0,15,0,2
"IMMP2L",2,0,18,0,0,2,4,12,0,28,2,1,13,39,4,3062,4,0,0,0
"LSM8",14,9,4,1,28,51226,4,4,0,0,0,0,0,0,0,0,5,0,0,0
"TRBV3-1",0,0,4,0,2,9,1,15,0,5,11,0,0,0,2,0,0,0,9,11
"TRBV5-1",0,0,6,0,1,7,0,19,10,2,2,9,48,32,0,26,2,0,0,0
"TRBV29-1",13,0,20,1,0,9,1,0,13,3,0,0,10,14,0,38,2,0,3,1
"TRBJ2-3",2,0,16,0,2,8,0,35,0,11,4,7,0,0,2,15,0,0,0,13
"TRBJ2-7",8,0,23,1,0,19,5,15,16,7,12,2,83,12,1,38,2,0,8,2
"DEFA1B",0,2257,0,1,6,0,0,12,11,41,0,1888,0,0,0,0,0,154337,11,6
"DEFA3",0,2309,0,0,1,3,0,9,19,42,0,0,0,0,0,0,0,147552,7,5
"PCMTD1",516,9439,0,0,2,7,1,12,1,0,0,39,82,14,5672,30,0,294,0,0
"RPL7",0,11059,0,4802,0,1,2,6,28215,1,8,6,1,6,5083,0,0,23696,861,0
"STAU2",20,34827,4,2,0,9,1,6,6,4,0,0,0,0,0,0,0,25,69824,3
"CA1",15,39987,0,432,0,6,5,6,8341,0,0,6,0,1,3507,0,0,6772,11365,2
"LOC101929601",1,3,5,2,2,6,5,18,5,21,2,19,2,17,8,150,0,7,7,6
"REXO1L2P",1,1,5,0,2,0,5,7,0,0,0,0,1,3,1,13,0,1,0,1
"RPL30",31,88479,2,7,2,18,2,26,96228,1,38,50873,0,6,2,8,3,11,58,2
"VPS13B",6,32210,2,6,1,4,2,0,0,4,0,1,0,0,0,0,0,0,0,0
"RNF19A",6,1125,1,0,0,0,2,8,29,0,2,0,0,0,0,0,0,0,0,0
"PABPC1",0,18097,2,2,2,2,2,0,4,4,0,9,0,0,0,0,0,7019,18,8
"YWHAZ",1,11801,2,4530,2,5,16,2,44966,0,1,8,0,1,0,24,0,1,0,2
"NACA4P",0,307,1,4,27,27018,1,1,3563,0,0,0,0,0,285,0,0,347,0,1
"EIF3H",3,5547,33,43819,4,4,10,0,0,0,16,4291,2,17,47551,2,2,0,0,0
"CCDC171",2,6,1,2,11,35703,2,6,0,0,0,0,14,0,2,0,3,0,2,1
"RPS6",11,42018,3,6,0,9,3,0,19,0,16,20,0,57,2,0,0,40,0,0
"RMRP",11,29109,75346,9225,3,9,3,5,13195,1,4,2,1,18,47821,0,0,5,0,0
"LOC105376081",88622,2,2,4,2,9,4,0,0,0,0,0,0,0,0,0,0,0,0,0
"PALM2AKAP2",2,15074,0,2,0,1,4,5,3,8,0,0,0,0,0,4,0,23,59369,1
"RPL7A",13252,10028,0,3,0,97,1,1,11026,0,22,58951,3,19,34314,21,0,30129,291,1
"LOC124902538",3,1,20,1,22,34302,0,2,0,45,0,0,0,39,0,0,0,0,0,0
"NEBL",0,4,63,179720,5,9,10,12,0,0,0,0,0,0,0,15,0,0,0,0
"CCDC7",5,21467,0,0,0,2,1,12,29,21,0,0,11,3,0,26,0,2314,152848,6
"LOC105378415",8,22101,2,0,3,2,2,0,0,0,0,0,0,0,0,0,0,0,0,0
"PCGF5",233675,605,7,6,15,6,5,0,2,4,2,4892,0,5,0,2052,0,29001,1,0
"RPL13AP5",12,20800,52895,13,6,1314,2,0,13,8,15,75,0,4,0,0,0,15,0,0
"RPLP2",8,28993,32,22531,1,10,1,0,0,0,10,9643,2,1,9256,1,0,0,38,0
"KCNQ1OT1",8,7,1,5,0,12,0,3,10,51,2,3,26,33,4,89690,3,81,100,24489
"HBB",67,178116,9,23,3,27,108,59,76,3,1,1108,29,196,69283,304,0,200,49882,1
"HBG1",13,28110,1,3,0,7,7,2,18,17,0,0,0,0,1,2,0,113344,3,1
"HBG2",12,33584,0,7,0,5,9,2,7,11,0,0,0,0,1,4,0,86719,8,2
"EIF3F",6,1761,0,0,2,11,0,0,15,0,4,0,0,0,0,0,0,0,4,0
"RPL27A",5,26953,3,14804,0,6,2,0,7,8,10,43493,1,15,16109,9,4,4,1870,0
"RPS13",15,45234,29,99662,2,5,6,0,0,9,26,30840,2,7,8599,11,0,24847,1,1
"FNBP4",13,27092,1,4,0,5,5,0,0,4,0,0,0,0,0,0,0,2,0,0
"AHNAK",12,24700,1,4,2,1,2,0,2,0,4,12,1,30,23566,0,3,3,0,4
"EEF1G",1,5373,1,1,0,10,130,0,23,10,6,10574,33,14,2529,0,0,10763,1,0
"MALAT1",17,10696,8,2,28,110872,1,0,0,0,4,19,0,0,4,0,0,0,103,0
"PPP6R3",7,15561,7,0,1,0,2,32,1482,4,0,0,0,1,0,0,0,1215,0,4
"RPS3",11,10780,0,1,1,1,0,7,7,8,6,0,0,0,5,0,0,11359,10,1
"USP35",1,1609,8,0,1,0,2,4,0,11,0,0,0,0,0,3,0,0,0,0
"RPS25",49,124547,23024,16396,24854,19,7,56461,87639,26,16,54066,4,22,68353,5267,1,102616,14,5
"HSPA8",6,9158,2,1294,1,1,0,2,6,3,15,42106,0,4,2,102,0,0,31,0
"WNK1",2,8484,6,2,10,3,0,6344,0,0,3989,2,0,0,0,0,0,2,0,1
"GAPDH",5,21155,1,894,1,3,0,4,23,30,0,1,0,6,13589,31,0,97385,3,3
"RPL13AP20",2,3176,457,4,0,3,1,0,2,3,6,20,0,0,0,0,0,2,0,0
"ARHGDIB",4,14787,2,2,0,5,2,0,0,0,0,0,0,0,2,0,0,0,14,0
"KRAS",10,1146,2103,1644,19,51020,20,2233,52,103,332,16,355,92,145,7,34,10,28,2
"SLC38A2",8,1371,6,26,8,132428,0,0,0,0,0,0,0,0,0,0,0,0,0,0
"BIN2",0,11,2,12284,3,11,28261,0,0,0,0,0,0,0,0,0,0,0,0,0
"PFDN5",9,40990,0,8,0,11,3,0,0,0,15,124084,3,6,6,38,5,0,0,0
"RPL41",11,32923,1,5,6856,12,7,0,382,0,8,1108,0,0,3619,2,0,574,3,0
"NACA",13,22679,7,135,1431,83624,4,39,270055,9,0,27,0,17,32682,46,0,31663,3,6
"LYZ",13,20749,2,3,0,4,0,0,0,0,0,29,0,2,1090,128,0,0,0,0
"NUDT4",1,24,0,8,23519,59,73024,5,0,6,0,0,0,3,0,0,0,2,0,0
"RPL6",12,19196,20,5272,10924,4,3,70,356878,10,5,3583,0,3,11189,0,0,47953,495,7
"TBX3",3,10,1,11,35,46,259908,0,0,0,0,0,0,0,0,0,0,0,0,4
"UBC",0,5395,0,1,0,6,7015,221,3,10,0,524,0,55,3086,39,0,139,50855,0
"SFSWAP",4,2,4,0,4,0,3,8,2,1,0,0,0,0,0,0,0,0,0,0
"RPL21",2,7423,0,0,0,0,0,28774,574,3,2,98,0,0,1,0,0,2326,0,1
"GTF3A",0,9799,3,4,9,23930,1,4,1,6,0,0,0,0,0,0,0,34451,2,0
"TPT1",60,213581,15,28,7,21,26,2866,26868,996431,39,211988,6,21,79568,66,4,141556,780,38
"ZC3H13",2,13669,0,3,1,2,2,0,0,14,3,23317,2,0,1,597,2,0,0,0
"LCP1",6,6613,2,0,2,3,1,0,2,28,0,20,18,18,1,0,0,0,1,0
"FNDC3A",1,4124,2,1,8,6,39270,0,1,0,0,0,0,0,0,24,0,3,0,0
"SLAIN1",4,14917,2,3,2,1,0,0,0,0,0,0,0,0,0,0,0,0,0,0
"RAP2A",1,4,5,29,100782,1,3,0,0,0,0,0,0,0,0,0,0,0,0,0
"SNORA79B",4,23662,0,1,0,7,0,5,43,71956,3,4548,4,17,41829,1,0,25,25241,2
"STRN3",10,5806,0,0,1,4,0,0,2,6,0,0,0,0,0,30,0,47041,4,0
"PNN",3,7451,0,0,0,4,7768,0,4,7,8,3,0,0,0,0,0,0,0,0
"LRFN5",2,0,8,11769,0,0,0,10,0,4,0,2,0,0,0,2,0,0,0,0
"RPS29",3,31422,2,2,1,2,911,0,4705,26,19,9,2,9,12441,40,0,275,2,0
"RN7SL1",2570,60982,4444,696,69,19947,7681,1572,48383,6,10,15804,12,27866,72480,18,31454,24256,72083,7
"RN7SL3",836,16920,1327,34,3,385,557,25,3684,5,3,3897,1,708,17034,1,12065,13402,8487,1
"STYX",2,9229,4,3,0,0,2,0,0,0,0,0,0,1,0,0,0,0,0,0
"SIPA1L1",9,3,9,0,0,17,8,13,0,12,1,0,0,0,6,18,2,10,0,13
"SNORA79",17,18362,0,2,0,5,5,7,0,0,0,0,0,2,5465,0,0,16060,2,1
"CALM1",10,26,0,4,2581,0,0,0,46,9,11541,41963,3,8,1,6,0,18282,0,0
"CCDC88C",6,2877,2,3,0,0,1,6,0,0,0,7675,0,0,0,109,3,0,0,0
"HSP90AA1",11,19565,5615,0,0,44,16,0,0,3,7,12638,0,1,1220,50,0,1676,0,0
"HERC2",5,0,5,3,0,3,0,12,0,4,0,0,9,1,0,0,0,3,1,0
"B2M",3,9904,2,0,0,4,0,32,6,17,0,4,0,0,787,0,0,29911,6,1
"RFX7",4,12341,10,2,2,0,0,0,0,4,0,0,0,0,0,2285,0,14,0,5
"LOC107984805",4,0,6,0,0,0,4,13,0,4,3,0,66,35,2,38,0,4,6,11
"DENND4A",10,34457,0,4,0,6,2,11,0,0,0,0,0,0,0,0,0,0,0,0
"PIAS1",4,9706,0,2,1,0,0,5,32628,0,2,0,0,0,0,0,0,8,0,2
"RPLP1",6,21225,1,5,0,7,1,66767,110,3,15,2552,6,2,8348,1257,0,7264,14210,4
"PKM",11,208,0,0,2,0,8,0,2426,0,1,0,0,14,0,0,0,0,1,0
"ZFAND6",9,21418,0,4,2,5,3,0,0,0,0,0,0,0,0,0,0,0,0,0
"RPS17",1,12758,3,24,27960,1,0,14,6,2,19,25330,67,0,2031,4,1,305,42657,0
"AKAP13",2,7348,2,0,1,4,0,0,0,0,0,0,6,0,0,24,0,0,12,0
"HBA2",19,38664,40,18,12,55,39,153,152,0,2,125,111,186,5334,101,4,5876,189,0
"HBA1",24,48021,41,15,11,27,47,134,9721,0,3,77,30,160,7848,50,6,5720,162,4
"RPS2",4,23217,0,1048,0,88,2,6480,75,26,10,69328,1,0,3,73,1,139464,1195,3
"RPS15A",47,168326,4,13,3,35,6,7,72011,7583,20,102948,11,18736,44370,19,4,27239,4,1
"SMG1",2,4409,1,0,0,11,0,0,21,71,8,3,0,0,0,56,0,0,0,0
"EIF3CL",1,5571,0,0,0,21,2,0,0,5,1,2,0,0,0,15,0,0,0,0
"CHD9",6,16450,8,3,0,10,2,0,47,6,0,2786,0,0,6,0,8,0,0,2
"RPL13",3,10852,0,8830,0,1,4,3,3849,4,0,1421,0,0,61,0,0,12053,23252,1
"RPL26",5,15743,5,0,22,1,1,0,691,0,10,1078,0,0,31,9230,0,46,5,0
"UBB",13,20386,1,35,20,13074,238,1,0,0,12,3,0,1,0,42,0,684,23,0
"RPL23A",2,18417,0,1,1,3,0,8,39639,3,0,6086,0,0,400,0,0,17389,1,2
"LOC107984974",4,15472,0,7,3589,1,3,4,2421,0,12,586,0,0,2238,1,0,546,417,0
"ZNF207",8,11829,2,0,1,0,0,10,6,0,3,0,0,0,0,5,0,0,0,2
"RPL23",30,57575,1,8,11980,19,6,2,23,13,3,1527,1,7,21921,19,0,19607,13,1
"RPL19",6,29822,5,4,1,2,6,2,4274,23,5,31618,0,0,1114,11,0,9790,75106,1
"RPL27",12,35667,1,3,1,12,1,8,7,30,18,131852,4,13,25701,21,4,76488,20,1
"DHX8",11,14808,0,0,8,7,1,0,0,4,2,0,0,0,2,14,0,7,0,0
"NACA2",1,519,0,12,2,2297,1,0,1231,0,0,0,0,0,118,0,0,1028,0,0
"CSH2",0,91,0,0,1,0,12153,120,3422,5218,0,0,0,26,351,0,2942,14247,3457,3
"CSH1",0,560,17,0,3,6,15886,11883,2615,5113,0,405,0,45,185,27,1847,14024,2237,2
"CSHL1",0,9,4,0,0,0,229,247,50,123,0,63,0,11,24,0,50,592,792,0
"PRKAR1A",2,7551,0,1,2,0,1,8,12086,1,0,0,0,0,2,4,0,0,0,0
"ACTG1",0,4073,0,107,18,2,1,36,4876,13,1,13623,1,5,1442,5,0,14,0,0
"SMCHD1",10,13206,0,0,2,0,2,11,11,32,0,0,0,6,6857,0,0,45,222480,4
"L3MBTL4",0,0,0,0,0,4,2,5,12,6,0,0,0,0,0,0,0,0,0,0
"ANKRD12",2,9302,195,1,0,1,9,5,25,2,0,0,48,5,6490,280,2,14776,1,0
"SETBP1",12,10731,0,2,4,13,12,2,0,6,18,0,24,2,2,114,6,6,0,10
"SMAD2",4,11608,10,82,0,49,0,2,1,32,30,60709,4,16,10267,1532,2,1944,1,0
"MEX3C",1,2,31,42998,7,0,2,0,0,0,3,0,2,6,0,557,0,0,0,1
"RPS15",2,9013,1,125,1,2,1,31,12,0,3,57,0,0,0,0,1,4,0,0
"GDF15",0,0,0,0,0,9,16986,15,11,58301,0,0,0,0,2,0,0,0,5,1
"UBA52",4,14844,0,1,0,5,0,37264,1,5,7,26568,0,0,7,3,0,18552,8665,2
"LOC105372310",1,7303,2036,0,3,4,0,8,20206,9,5,13949,24,0,17,4,1,14283,1,1
"ZNF91",0,248,6,0,0,19,26188,4,1,9,5,3,62112,0,790,32,0,59410,2,4
"RPSAP58",6,13453,1,1,4383,1,59,2,246,7,0,0,8,11,817,0,0,34370,1,1
"LOC124904704",24,1027,5,228,43,79,8,93,1864,6,19,1574,16,29,2120,2,23,164,10091,136
"RPS16",3,37022,8257,1,0,3,5,11,53215,20,12,78045,0,4,63,12,1,65654,3,0
"PSG1",0,0,0,5,2,0,8109,0,598,6,0,3,4,56859,0,1,0,1,0,0
"FTL",4,13973,6,132,11,38470,0,17,24,0,10,9665,2,39,2,0,0,3,0,0
"RPL13A",2,17413,21968,4,3,114,1,0,0,0,34,7684,0,3,6,0,0,0,0,0
"RPS11",30,75209,2,348,19304,877,3,107,442606,4506,12,63309,0,4,6181,12,1,64936,6,11
"RPS5",3,1085,3,11,22,70262,1,0,0,0,16,0,0,0,0,0,0,960,0,0
"LOC124900459",2,2,10,0,0,81,0,0,11,27,2,10,21,0,1,35,0,6,4,0
"LOC105379481",0,95,2,30,4,7,3,7,346,5,0,130,3,10,72,7,0,69,237,0
"CHD6",3,572,6,0,0,4,9,0,4,6,0,22,6,4,2,27,4,2,3,0
"ATP9A",25594,2,2,0,3,0,0,6,0,10,0,0,0,0,0,36,0,8,0,0
"VAPB",3,13925,0,3,1,5,5,0,0,0,2,0,0,20,0,0,10,0,0,2
"GNAS",1,1586,0,13,2,3,67513,0,23,2,2969,11,0,4,6722,0,2,2456,0,0
"RNA45SN2",0,212,5,2,2,15,4,10,16,15,9,10,37,34,1,262,5,8,1,2
"CDC27P9",10,28,28,10,0,30,5,30,20,67,21,23,149,94,8,5918,9,7,10,12
"RNA45SN3",5,239,6,5,2,3,9,14,9,11,11,11,50,63,10,386,8,7,7,1
"CDC27P10",54,232,96,21,14,123,11,86,78,174,31,57,342,251,23,16229,36,75,13,41
"RNA45SN1",2,207,10,2,2,10,2,17,21,10,5,15,53,83,10,371,4,9,2,5
"LOC101927345",6,0,6,0,0,0,6,16,5,16,4,9,22,12,1,54,0,1,0,1
"APP",1,5,12,38,102761,35,3,0,0,0,0,0,0,0,0,11,0,0,0,0
"ERG",2,7910,0,0,0,4,0,3,40,14,3,4,0,4825,6,0,3,17933,0,0
"LRP5L",2,1107,8,3,0,7,0,0,0,1,0,0,0,12,0,6,0,0,0,0
"RPL3",2,2536,0,2,0,0,0,6,29,110,2,11,0,5,6845,0,0,262657,10,7
"SNORD140",1,147,0,0,0,32,42,0,243,0,0,99,0,0,2,0,0,9,0,0
"SERHL2",315,16017,1,0,1,5,1,1,7932,2,3,350,6,21660,16613,7,2,131,21268,1
"LOC107987392",6,4,6,1,135,10,0,15,2,18,0,2,50,40,3,243,6,42,2,4
"RNA45SN4",4,324,6,3,4,14,6,17,13,21,9,15,88,76,7,472,8,10,8,5
"LOC105379549",13,13,39,3,1,4,0,16,17,26,14,9,64,44,7,441,4,15,4,9
"LOC124905331",26050,405762,18681,123917,13188,63926,41929,64761,125737,16444,31274,327420,66336,109688,186652,43913,46575,199366,206115,138772
"LOC124900510",0,105,12,86,0,0,55,0,0,43,0,25,0,55,20,46,5,41,31,173
"TMSB4X",2,16169,0,158,1,0,1,67324,31,9,3,21574,2,30,34325,186,3,33630,241,2
"RPS4X",10516,16153,1,4,3,2,1,39154,676,151,25,9,0,19,5,0,0,22494,2,1
"HDX",0,0,0,6,0,30,0,117,535571,13,0,0,0,0,0,0,0,5,5,11
"NRK",2,0,0,0,0,4,0,9,21,131,0,0,0,0,0,2,2,38,739,160221
"WDR44",4,8655,2,6,1,0,0,0,0,0,0,0,0,2,2889,0,0,32,0,0
"SEPTIN6",35,75146,1,9,1,2,3,0,0,0,0,0,0,0,0,0,0,0,4,0
"LOC100507412",82,6,46,5,3,17,3,41,25,71,8,14,129,48,6,808,7,14,16,7
"RNA45SN5",4,383,4,4,3,10,6,13,18,19,10,15,60,99,13,473,8,10,11,4
"LOC112268317",7,45,24,20,1,7,15,9,7,75,27,28276,51,15,7,331,7,7,7,5
"LOC107987401",9,98,11,3,2,4,0,0,2,8,2,11,49,22,0,1434,0,1,0,18
"LOC124905432",0,8,0,3,0,12,4,6,6,7,0,24,0,0,25,0,3,3545,20,397
"EEF1B2_1",1,4148,1,10625,1,0,2,0,3,1255,1,7,0,0,0,12,0,0,0,0
"RPS3A_1",21,39008,0,0,0,2,2,8,46081,11,3,12,6,2650,11,0,0,62822,4,1
"LOC112268384",2,0,11,50689,2,1,1,1,0,18,0,1,4,0,0,661,3,0,0,3
"DEFA1_1",0,2462,0,1,6,1,0,9,10,36,0,1862,0,0,0,0,0,120927,9,3
"DEFA3_1",0,2392,0,1,9,0,0,13,11,40,0,1921,0,0,0,0,0,155694,11,6
"RPL7A_1",13732,10722,0,3,0,100,1,1,11910,2,23,60065,3,19,34549,23,0,31186,301,1
"FNBP4_1",14,27549,1,4,0,5,3,0,0,4,0,0,0,0,0,0,0,0,0,0
"RPS25_1",52,134662,23809,16810,27492,20,7,65542,96536,28,21,58988,4,27,71703,5505,1,109357,16,7
"PFDN5_1",6,33409,0,8,0,10,3,0,0,0,13,94488,2,6,5,34,3,0,0,0
"LOC100507412_1",6,23,0,1,19,4,5,4,9,15,0,22,2,6,4,41,0,18,12,0
"LOC124905472",12,18,0,0,17,4,5,1,8,11,0,17,1,6,3,6,0,12,5,0
"SNORA79B_1",4,25163,0,1,0,7,0,5,43,76561,3,4543,5,19,44245,1,0,25,26649,2
"LOC124905530",6,27,0,0,53,4,10,2,7,9,0,20,2,4,4,42,1,24,8,0
"RPS2_1",4,22950,0,1032,0,79,1,6448,73,24,9,69123,1,0,2,72,1,137381,1198,2
"LOC107984974_1",2,13022,1,6,3051,1,1,3,2125,0,5,627,0,1,4189,1,0,208,1760,0
"ACTG1_1",0,4062,0,105,17,2,0,35,4725,13,1,13438,1,5,1454,5,0,12,0,0
"RNA45SN3_1",4,177,3,4,3,11,5,10,11,7,13,10,60,60,3,407,6,3,1,4
"CDC27P10_1",290,39,131,25,23,93,42,132,95,287,51,100,590,322,24,24003,57,138,50,52
"RNA45SN1_1",5,321,5,2,2,6,1,12,18,29,10,8,35,47,9,402,5,6,5,2
"SEPTIN6_1",32,71219,1,8,1,2,3,0,0,0,0,0,0,0,0,0,0,0,4,0
"LOC124900216_1",6,0,0,0,0,10,14,6,16,10,0,0,0,2,2,51,2,0,0,0
"TRBV3-1_1",0,0,4,0,2,9,1,15,0,5,11,0,0,0,2,0,0,0,9,11
"TRBV5-1_1",0,0,6,0,1,7,0,19,10,2,2,9,48,32,0,26,2,0,0,0
"TRBV29-1_1",13,0,20,1,0,9,1,0,13,3,0,0,10,14,0,38,2,0,3,1
"TRBJ2-3_1",2,0,16,0,2,8,0,35,0,11,4,7,0,0,2,15,0,0,0,13
"B2M_1",3,10496,2,0,0,4,0,32,6,17,0,4,0,0,827,0,0,30047,6,1
"RPS17_1",2,13059,3,22,28286,1,0,14,3,2,19,25914,66,0,2034,4,1,305,43020,0
"TUBB_2",0,1023,2,0,0,0,0,6,429,7,0,2,0,0,0,24,0,24890,3,1
"RPS18_1",16,67987,0,782,946,14,2,3,11,3,38,41724,0,1,901,47,2,11458,45265,2
"TUBB_4",0,3011,2,0,0,0,0,9,494,56,0,1,0,0,0,63,1,236107,14,7
"RPS18_4",12,55957,0,712,794,11,0,2,9,3,33,37437,0,1,836,28,2,9489,34960,1
"RNR1",789,2718393,73013,192581,199,6086,256,799,6796,1260,599,1862033,1381,23678,2563547,1304762,137,3180662,591587,200082
"TRNV",3,3234,4,4,0,5,2,162,1,0,9,170,1,5633,1207,32,0,2123,1,0
"RNR2",6135,18891232,338444,933734,253196,1768315,291007,541109,829848,6234,110844,10966250,1239533,480606,19049764,3251331,6296,19248586,6331445,455404
"TRNL1",2,3391,0,5,269,1,5,1,5623,0,2,3661,0,0,2984,1,1,727,0,0
"ND1",1196,4122852,4134,12611,19348,6971,52875,443859,309312,1986,639,2981333,965,203346,2703788,208236,163,7573543,91993,262
"TRNM",43,31317,2,47,313,13,4,10,3977,53,11,106442,4,19,39734,13,2,114213,1909,8
"ND2",187988,6491909,297589,78810,9203,172824,424,129969,605220,2930,7467,7261343,586,171876,2977621,419998,272,11264869,515255,400
"COX1",1341,3979577,32879,420799,198,71832,6969,874446,760685,1048,3038,5592561,540,320209,3803344,107370,266,3472045,971,167
"TRND",4,6480,2,1,0,6,0,58,603,6857,0,407,0,1,4459,4,2,25981,1,2
"COX2",384,1314449,73,7422,52,6841,57,2554,175,1259,9175,2249094,7317,699,1326477,196323,147,1573731,107277,67
"ATP8",20,67309,11,5839,5,6209,8,9,13,41,71,241157,26,50,33467,31173,28459,126659,24,64
"ATP6",21524,2458333,307415,160486,126,406,204,373591,124423,1524,628,1435201,229,865,1246086,182977,124,2646062,92851,3730
"COX3",1438,3854554,568696,326201,35582,950,782770,10876,191272,187749,1127,2989445,607,164069,6157485,71430,316,5022987,359684,183
"ND3",10481,303204,43,171,15,70,21,35,44223,306510,122,820882,52,140,203959,72464,28,215308,35,798
"ND4L",248,844761,55,18745,26,146,3569,104,25221,10784,190,433616,246,2889,800017,149566,30,1445584,12958,32
"ND4",1149,3613483,110275,607939,335,414979,115328,6522,247759,1797,1007,6210988,500,64046,2174540,418713,271,6932511,308054,278
"TRNL2",5,9937,1,4,0,0,2,2,9,7,1,1657,0,1,2426,0,0,10037,0,0
"ND5",839,2582701,24482,54866,13155,39200,230,485,671788,1188,7973,4830958,240691,1012,1711880,196016,234,3536942,641431,24519
"ND6",25,57538,17,19,4,72,10,1584,16,41,1455,81845,50,50,27316,7084,20,158416,14,10
"CYTB",650,1835889,130,17701,161526,201967,114,1626053,91672,1229,20304,1700490,464,8959,2859410,275173,132,3885100,133809,6227
"TRNP",15,20949,0,0,0,4,1,11,17,7,4,17570,16,22,46649,6,1,57455,15,15
"MIR12136",4,10666,0,0,0,4,0,3,0,0,4,66731,2,11,12816,8,7,369,0,0
"LOC100288069",0,2,1,0,0,0,0,0,0,1,3,0,0,0,0,37,3,270,0,2
"PAX7",0,0,0,0,2,0,0,0,0,0,5,26,42,301463,4,46,12,2,0,0
"HNRNPR",0,0,0,0,0,0,0,2,0,0,23,22,6,16,1,49,138512,4,0,0
"LAPTM5",0,3662,0,27744,0,0,0,0,0,0,2,633,0,4,4621,60,0,0,0,0
"MACF1",2,6947,8,3,0,0,0,0,2,2,1,0,3,6,7478,16,4,8,14,3606
"YBX1",0,2141,5,3178,0,0,0,0,6,0,5,0,4,2,2159,78,0,3,1060,1
"NFIA",1,0,0,0,0,0,0,4,2,0,7,65021,4,3,0,4,0,2250,0,2
"CCDC18",4,0,0,0,0,0,0,0,0,0,1,6,9,29,64032,1,3,1,0,0
"CSDE1",0,2391,0,0,0,0,0,0,3579,0,8,25405,2,10,13134,3,0,0,0,2
"SRGAP2B",0,1484,0,0,0,3,0,1,0,2,2,3345,0,8,2,28,0,0,32,0
"TXNIP",6,10562,0,0,2,0,0,0,1,2,5,27927,0,2,0,3,1,4244,10178,0
"PDE4DIP",0,0,2,0,2,0,0,1,11,0,0,1,5,16,0,83,1,0,10,0
"LINC00869",0,47,0,0,0,2,0,0,0,0,2,1,7,8,24788,0,1,2,0,0
"MTMR11",0,0,0,0,0,0,0,0,0,0,17,116645,2,8,9,17,3,0,0,0
"SSR2",0,0,0,0,0,0,0,23,88631,14,2,2,2,2,22219,0,0,53163,2,4
"MNDA",0,4611,0,0,1,2,0,0,0,0,1,15643,1,5,11185,5,0,0,0,0
"RPL31P11",0,2142,1,1030,0,0,0,0,1667,1,0,2352,2268,0,52,19,0,2591,0,0
"PTPRC",0,13765,0,0,4,0,3,0,0,0,11,7,6,63,117902,14,2,0,5,0
"NAV1",16,0,0,0,0,0,0,0,0,0,0,0,40,4,0,60,2,0,0,3
"SRGAP2",0,2,0,0,0,1,0,8,0,15,2,0,0,8,2,25,0,4158,27,2
"CENPF",0,5135,10,0,0,0,0,17,0,0,12,32645,2,20,0,19,0,0,5,0
"ENAH",0,0,6,0,0,6,0,0,867,12,6,0,0,15,0,87,0,539,0,4
"OBSCN",0,0,4,4,0,0,0,21,2,0,0,8,7,44,6,142,1,0,2,2
"SMYD3",0,214,0,0,0,0,0,0,0,37,0,16,5,48,6,21347,1,11,2,14
"MAP4K3",0,0,0,0,0,0,15,0,0,0,17,145582,3,3,5,26,1,0,0,0
"FOXN2",0,47,0,0,4,0,6,0,0,4,3,13792,42,4,3381,0,0,0,0,0
"RGPD1",4,2,0,2,0,0,0,0,1,2,2,2,9,1,2,180,24004,0,0,96
"LOC105377635",0,1,3,2,2,2,0,0,1,0,6,10,6,9,1,60,0,4,6,1
"LINC01943",0,0,0,0,0,0,0,0,0,2,2,4,21,3,319,38,6,0,0,0
"RGPD2",3,1,0,1,0,3,0,0,0,0,2,1,9,12,1,534,15538,0,0,18
"ANKRD36",0,149,0,0,0,12,0,0,0,0,10,5,53,5,2,5152,50410,0,0,5
"ANKRD36B",0,204,0,0,0,12,0,0,0,0,5,0,61,4,3,3262,28905,0,0,2
"RGPD5",0,2193,0,0,0,1,2,5,32,2,0,4,2,2,2,7898,102,3,16,6333
"LOC105373551",2,2,0,5,0,0,4,0,0,29,2,0,2,23,0,24,0,0,4,8
"RGPD8",0,1291,0,0,0,4,0,0,33,0,0,2,3,3,2,8397,1651,2,33,10861
"EPC2",0,0,2,0,0,0,0,0,0,9,21,130129,3,5,4,9,23667,0,0,0
"HNRNPA3",1,4322,1,666,0,0,0,0,2,7,6,0,2,0,0,118,3,17803,1,1
"ITPRID2",0,0,22,0,0,8,0,0,0,0,10,53246,93,244151,0,10,10,2,0,0
"FAM126B",0,0,35,0,0,0,0,0,0,3,0,0,2,12,0,30,2,0,6,3
"NBEAL1",8,7899,1,1,0,9,0,0,3,18,5,1127,2,2,9695,20,0,246,0,2
"CREB1",0,701,0,0,0,0,0,0,0,0,19,151510,2,3,1,28,20,2,0,0
"TNS1",0,107,0,2,0,0,0,0,0,4,500,0,1,6,0,97,5,4,0,9
"SMARCC1",3,10985,0,0,0,4,1,0,0,0,2,6,20,0,5340,0,0,1332,0,2
"RHOA",0,460,0,0,0,1,0,4,5,4,8,0,0,25,0,70,0,14,67309,4
"PPM1M",0,0,0,0,0,0,0,31,123570,0,1,13495,0,11,1,1,0,54,3,2
"VGLL3",0,0,12,0,1,2,5317,15,0,0,83,32208,0,3,29,2,2098,29,50666,1649
"RNF13",2,457,0,0,0,0,4,0,0,0,25,38,435319,6,22,48,4,0,0,0
"VPS8",12,0,14,2,0,1,0,62389,0,0,0,0,2,11,1786,19,0,0,0,13
"TFRC",1,6130,0,1,0,2,0,0,4,0,21,86797,1,6,16,11,3,0,0,0
"RPL35A",4,12249,1,0,0,2,0,18,30,0,19,14501,0,6,12838,1,2,21,12,0
"ZNF141",0,1,0,0,0,0,0,0,0,2,2,0,25,8,0,79,0,1,0,4
"TAPT1-AS1",0,349,0,1,0,0,0,0,171,0,6,103,0,0,92,0,2005,1,0,1
"LOC105374423",0,0,15,0,0,0,0,0,0,0,1,1,85,14,0,4152,0,0,6,2
"YTHDC1",0,63,0,2,0,0,0,0,0,0,13,131321,6,5,2,50,1,0,0,0
"MTHFD2L",0,110,0,0,0,0,0,0,0,24,2,0,2,0,0,6,13,0,0,4
"METAP1",0,5216,2,2,0,0,0,0,0,0,37,335694,12,6,20,52,7,0,0,8
"UBE2D3",0,2430,0,0,0,0,0,4,8,7,26,107421,2,2,30,18,1,77770,0,0
"TET2",0,1682,0,0,0,0,0,0,0,0,35,191346,0,0,7,55,10,0,0,1
"RPL34",0,7998,2,2,2,1,0,0,7,5,1,0,0,0,13,39,0,51872,10477,4
"RAI14",3,0,2,2,0,0,0,0,859,0,4,15578,0,0,0,13,2,0,31,0
"LOC105374745",0,2,0,2,0,0,0,0,0,0,0,0,11,8,0,24,4,4,0,4
"PARP8",0,4,0,0,0,0,0,0,10,8,1,0,0,6,15016,88,0,60294,2,1
"CWC27",0,5,10,0,0,4,0,2,11,2,2,0,8,8,0,476,10,0,2,0
"NSA2",0,5469,1,2,0,0,1,11,12,11,9292,0,0,0,1,55,0,53,149156,4
"MEF2C-AS1",1,0,0,0,0,0,0,0,0,0,4,0,4,0,0,24,0,4779,0,1
"AP3S1",0,0,4,0,0,0,0,0,0,0,5,6,5,8,14,13,33972,0,0,0
"UBE2D2",0,2,0,0,0,0,0,0,2,3,1,3177,1,10,2491,0,0,3018,1,0
"SYNPO",1,4853,0,2,0,10,0,0,0,4,6,122,42552,1,18,14,0,355,2604,0
"LOC105374897",0,0,0,273,0,0,0,0,0,0,4,40715,3,1,1,20,5,0,0,0
"LYRM4",0,0,0,0,0,0,0,0,0,2,15,8,33,199824,7,11,8,0,0,0
"CARMIL1",0,2,2,0,0,0,0,0,0,6,43,258603,3,6,5,23,3,0,0,0
"TRIM38",0,0,0,101,0,0,0,2,0,1,2,0,56,0,2,12,0,412,0,2
"TUBB",0,2668,2,0,0,0,0,4,443,56,0,1,0,0,0,63,1,237592,14,7
"SNHG32",0,0,0,0,0,0,0,0,0,0,5,66483,3,1,1,7,1,0,0,0
"STK38",0,10,0,0,0,0,0,4,33,174941,38,221077,4,6,6,50,7,4,3,1
"BCKDHB",0,3,11,4,0,0,1,0,4,21,3,0,41,13,3,115,4,1,4,0
"UBE3D",10,0,2,0,0,0,0,0,0,0,5,10,2,4,4,43699,0,0,1,4
"LYRM2",0,2,0,0,0,0,0,6,0,0,4,106058,10,3,2,8,1,0,0,0
"TSPYL4",2,169,0,0,0,0,0,0,0,0,31,221544,7,4,5,21,4,3,0,0
"THEMIS",0,325,2,0,0,2,0,0,0,2,7,0,8,11,0,34,0,4,0,1
"HEBP2",2,0,0,0,0,0,0,0,16,0,11,11,6,9,8,43,214051,0,0,0
"REPS1",0,53,8,0,0,0,0,0,2,0,2,2,2,6,25006,0,1,0,0,0
"PHACTR2",0,2838,0,1,0,0,0,0,3,0,63,50626,21,4,5,17,1,0,0,1
"UTRN",0,20,0,0,0,0,0,4,41,0,10,125368,4,9,9573,80,1,672,2,4
"SASH1",0,0,0,0,0,0,0,0,0,0,8,96428,44,3,2,103,3,2,0,0
"RPS18P9",0,889,0,38,56,0,0,0,0,0,4,235,6,0,5,1,0,91,543,0
"SYNE1",0,0,6,4,0,0,0,0,10,0,0,1,2,19,24885,99,5,0,4,0
"MAP3K4",0,0,0,0,0,0,0,0,0,0,5,4,20,25,35678,0,1,0,0,0
"AFDN",0,0,0,6,0,0,0,0,1,0,8,0,13,20,0,553,6,8,0,0
"RPL23P8",3,2859,0,0,606,0,0,0,0,1,2,96,0,6,1353,0,0,579,0,0
"HNRNPA2B1",0,2,0,0,0,2,0,0,0,2,5,6,11,55813,4,155,1,0,14,2
"CBX3",0,0,0,0,0,0,0,1,1,2,3,3,0,0,0,28,14,21813,0,2
"CREB5",0,0,0,0,0,0,0,0,0,0,0,0,25177,24,2082,14,0,0,0,4
"PDE1C",0,13,4,0,0,4,0,12,0,0,2,5,34,10,0,5351,5,2,6,0
"BBS9",0,5210,0,2,0,0,2,0,4,0,2,11,52,34,0,3596,6,0,0,0
"EGFR",0,0,0,0,0,4,0,0,0,6,4,8895,16,0,46,63,4,0,2,0
"PTPN12",0,2,0,2,0,0,8,60,343003,3,2,0,0,6,867,39,0,8,11,8
"MAGI2",3,0,0,0,0,0,0,0,0,0,5,6,2,8,1,2082,2,4,0,3
"CD36",0,3149,2,0,0,23,0,0,0,0,12,98819,2,3,2,21,5,0,0,0
"MUC3A",0,0,7,2,10,3,2,1,2,0,9,0,2,37,2,85,0,7,0,7
"NAMPT",0,0,0,0,0,0,0,0,0,2,5,10461,2,3,16676,19,0,0,0,0
"LOC124901725",2,0,0,0,0,22,0,4,2,0,2,0,2,6,0,0,4,0,0,4
"CAV1",0,0,0,0,0,0,0,0,0,0,8,62272,2,738,0,5,0,0,0,0
"CALD1",0,0,0,0,0,0,0,0,0,0,5,48550,2,1,3,7,3,0,0,0
"HIPK2",0,3221,28,3,5,0,0,2,4,0,6,2,43,32,0,216,0,6,2,4
"ESYT2",2,8053,9,0,0,0,1,1,0,10,2,0,0,7,10416,38,0,3183,22496,0
"TACC1",0,0,0,0,0,0,0,2,10,0,1,3,34,0,0,33,1,0,6,6
"RPS20",12,29176,1,0,0,3,582,3,2,9,22,54,0,0,2,1084,0,40484,45834,1
"PAG1",4,0,0,0,0,4,0,6,0,10,17,182370,18,16,15,16,5,0,0,0
"PLEC",0,0,7,0,0,0,0,0,2,0,6,0,2,3,0,0,11,0,10,2
"LOC107984006",4,7,1,0,0,0,1,1,1,0,10,1,3,15,0,74,0,0,0,1
"LOC105376065",1,0,12,0,0,4,0,6,2,0,2,0,15,12,2,26,2,3,0,0
"LOC107987007",2,4,19,0,0,0,0,1,3,13,4,0,6,1,361,44,3,2,0,2
"GKAP1",0,20,0,0,0,0,0,0,0,2,7,107763,3,2,3,13,5,0,0,0
"ANP32B",4,3329,0,0,0,0,1,8,0,0,2,20,275,2,9050,1694,1,6,0,1
"PAPPA",0,0,0,0,2,6,0,6,27004,2,3,18,20,39642,2,71,3,0,2,1
"RPL35",0,2919,0,71,3,0,0,4,1501,2,5,1349,0,0,0,1,1,16,22378,1
"RPL12",1,9441,3,2,0,8,0,0,4,0,0,4113,2,2,7912,36,0,1524,0,0
"LARP4B",1,0,8,0,0,0,0,0,12,0,1,4447,0,8,0,1440,0,255,0,8
"SFMBT2",0,0,0,1,1,0,0,0,0,0,13,0,0,41,2,1394,6,6,1,6
"CELF2",0,1904,13,0,0,4,0,2,0,0,6,9,73,258963,2826,1,9,0,0,0
"SUV39H2",0,0,0,0,0,0,0,0,0,0,23,110651,1,5,5,8,3,0,0,0
"ZEB1",0,956,3,4,21835,0,0,0,0,0,13,161657,7,5,153,26,1,8,6,0
"SGMS1",0,2,0,5,3,1,0,0,0,0,4,2,23,0,8,1823,4,0,0,2
"CCDC6",0,3535,0,0,0,0,0,0,0,0,29,168891,8,13,8,6,1,0,1,0
"LOC112268061",0,4,0,4,0,0,0,0,4,0,0,0,18,17,0,25,6,0,0,4
"RPS24",8,20414,1,7,1,2,0,0,3,0,7,2452,0,7,4926,4,0,1304,21,0
"GHITM",2,2115,0,0,1,0,0,0,4,0,4,6,11,61191,5,49,2,0,0,0
"PIK3AP1",2,7765,0,0,0,1,2,0,0,0,5,7,6,24,107723,3,3,0,0,0
"ADAM12",0,0,0,0,0,2,0,3,2,11157,4,0,0,4,0,9,2,108,332,50947
"IFITM2",0,3611,0,0,0,0,13,0,0,0,8,169877,5,2,1543,18,7,0,0,0
"EIF4G2",2,288,0,2,0,0,0,0,1,0,19,92263,0,6,2,10,1,1287,0,3
"CD59",0,8,0,0,0,0,0,1,0,1,2,0,4,14,0,6,0,5,13997,1
"LMO2",0,0,0,0,0,0,0,0,0,0,1,38414,1,0,482,9,2,0,0,0
"KMT5B",0,0,0,0,0,0,0,0,0,0,4,0,12,31,0,72,0,0,0,6
"FCHSD2",0,0,2,0,0,2,0,4,0,0,0,0,13,20,4,16,8,0,11,2
"RAP1B",0,2386,0,0,0,2,0,11,20,90,2,4,0,0,69,0,0,249738,10,4
"PPP1R12A",0,0,0,0,0,4,0,0,0,4,13,1211,1,4,709,6996,0,0,0,0
"MRPL42",0,377,0,0,0,0,0,1,0,0,2,2,8,7,0,0,2,1,1397,0
"MED13L",0,0,0,6,0,0,2,0,0,0,12,37329,0,9,945,6,0,0,0,14
"TAOK3",0,0,0,0,0,0,0,0,0,0,5,0,0,7,2,102,8,0,0,9
"LOC107984449",0,1,0,0,0,2,0,0,0,0,13,14,3,3,10,22062,6,0,0,6
"NUP58",0,0,0,0,0,0,0,0,2,0,2,0,0,5,31662,14,1,0,0,0
"N4BP2L2",0,0,4,0,0,0,0,0,0,2,5,56615,1,2,6908,7,1,0,0,0
"RFC3",6,4,13,0,0,2,0,2,0,0,0,0,10,22,0,6,9,2,0,4
"FOXO1",0,0,6,0,0,6,0,2,0,0,6,1,52,42,8,124,4,4,5,6
"PCDH9",0,0,0,0,0,0,2,7,0,0,4,0,10,6,4,207,0,0,7,2
"CHD8",4,0,0,0,0,0,0,0,0,0,5,6,2,30,87897,2,6,0,0,2
"FKBP3",0,2565,0,0,0,0,0,0,0,2,5,34839,2,1937,2,119,2,10,0,0
"KIAA0586",0,0,12,0,0,0,0,0,0,0,3,0,1,22,1,17344,2,0,0,2
"SYNE2",8,7067,0,0,0,3,0,2,0,0,0,0,7,14,0,4,7,1969,0,4
"SRSF5",0,2029,0,0,1,0,0,0,0,0,6,17442,2,0,0,123,1,0,0,0
"RBM25",0,1830,0,0,0,0,0,0,1,6,1,0,0,0,4,42,8,31,66166,2
"DYNC1H1",0,4,0,0,2,0,0,4,0,0,8,0,3,9,5843,253,2,4,2,1
"THBS1",0,0,0,2,0,0,1519,0,0,0,13,133532,4,3,1,20,7,2,0,0
"CHP1",0,169,0,0,0,0,0,0,0,0,15,6652,2,5,0,2,2,0,0,0
"COPS2",0,1894,0,0,0,0,0,0,0,0,9,54557,2,2,3,14,4,0,0,0
"USP8",0,284,0,0,0,0,0,29,1,0,0,0,0,21,1297,84,0,15750,4,2
"SLTM",12103,104,0,4,0,0,0,0,4,0,3,33,4,0,0,0,1,2,0,6
"ANXA2",0,0,2,0,0,0,0,15,55,78,2,16,0,3,0,0,0,58,627,113480
"SLC24A1",0,0,2,0,0,0,0,22,10,23,0,0,4,0,0,36,0,113,311270,9
"RPL4",2,8161,0,2,0,1,1,0,10,3,14,21806,0,5,4,6,0,7159,0,0
"SIN3A",2,1517,2,0,0,0,0,0,0,0,1,0,43,13,2882,5,0,4,0,3
"PEAK1",0,0,0,0,0,3,2,2,0,12,0,0,15,24,1,35,0,11,34073,2
"LOC102723985",0,2,0,0,0,0,0,0,0,1,0,0,3,6,661,2,2,0,0,8
"SEMA4B",0,1,0,1,14,28,0,27,7,4,24,14,3,5,2,1,2,3,10,37
"MCTP2",0,772,0,0,0,0,0,0,0,0,0,0,2,8,4465,65,0,0,0,4
"LOC124903619",0,1,0,1,0,0,0,0,0,0,10,0,77,4,0,39,8,0,0,0
"PDPK1",0,0,0,0,0,0,0,2,0,0,0,0,19,16,0,82,4,4,0,2
"SRRM2",0,503,0,0,0,8,0,28,51854,0,10,6352,0,4,3,58,6,4,1,0
"SRCAP",1,0,0,0,0,0,0,12,0,0,3,0,0,8,0,106,4,0,0,2
"VPS35",0,712,0,0,0,0,0,0,16308,0,1,0,2,4,0,328,16,0,0,0
"NFATC3",0,1729,0,0,0,0,0,1602407,35,25,2,13,2,10,12523,0,0,23,36,30
"ZFHX3",6,0,0,2,0,0,0,0,18,0,0,0,20,31,0,66,8,0,0,5
"PLCG2",6,1094,4,0,0,0,0,0,215,1,0,249,0,125,337,32,0,0,320,8
"CRK",0,0,0,0,0,0,0,0,0,0,3,42490,3,8,0,161,1,0,0,0
"NCOR1",0,1340,0,0,0,2,6,0,10,53376,2,32,0,0,8,19,3,4,1,2
"TRPV2",2,0,0,1,0,0,0,0,2,11,7,0,47,2,0,46,0,9390,0,1
"TBC1D3D",3,0,2,1,0,2,0,7,0,11,4,0,2,5,0,31,0,0,0,1
"CASC3",0,0,0,0,0,11,0,0,13,0,4,65206,5,0,2,9,0,2,0,6
"GNA13",0,1282,0,0,0,0,0,0,0,1,17,0,0,5,5807,19,0,30925,2,1
"RNF213",0,260,2,0,0,0,0,0,0,0,19,4,6,11,28,31,10,10,0,2
"LDLRAD4",5,0,0,0,0,0,0,8,0,9,0,16,3,12,6,11375,2,3,0,2
"ANKRD30B",1,0,0,0,0,0,0,11,8,6,1,0,23,0,0,42,2,4,0,6
"MALT1",4,1,0,0,0,0,0,0,0,0,9,14,41,373122,4,5,9,0,0,2
"NDUFS7",0,0,4,0,0,0,0,0,0,0,1,0,0,12,0,11,5,0,3,3
"EEF2",0,372,0,296,0,2,0,5,2,11,17,21245,1,41479,7,5,2,48948,78,3
"DNMT1",0,0,0,0,0,0,0,0,0,6,12,54446,4,0,2,58,4,6,0,0
"CALR",0,2803,0,0,0,53,0,0,0,0,11,16,18,127261,5,7,3,0,0,0
"GATAD2A",12,2,0,2,0,0,0,4,10,0,18,70565,3,35,4,75,0,0,0,0
"RPS19",3,8256,0,2,0,3,1,4,552,5,35,4,2,2,9206,1,1,444,6718,0
"PSG2",0,0,0,0,0,0,714,0,2,4,5,3,37,83197,3,4,2,0,16,0
"RPS21",11,20335,0,1,1,3,0,0,9544,0,15,2996,0,7,2645,13,47809,29,14,1155
"LOC105372733",0,30,0,0,0,0,0,1,0,0,3,6,5,2,3,35492,2,0,0,1
"MAP3K7CL",2,6409,0,0,0,1,0,40858,1,5,1,0,0,8,13304,0,0,2376,32,0
"MAPK1",0,4104,0,0,0,1,0,0,337,0,16,100547,1,3,3,9,1,0,0,1
"LOC101929594",0,0,0,2,0,0,2,0,0,0,10,0,1,8,0,34,4,0,0,3
"MYH9",0,8,12,36444,2,0,0,16,3,1,2,18,0,16,3315,21,0,15,6182,0
"LOC107987393",15,3,0,1,0,11,5,2,8,14,391,1,12,57,6,387,10,5,0,5
"CYBB",0,1347,0,0,1,1,0,0,0,0,7,4,16,166689,4,8,7,0,0,0
"SMC1A",0,522,0,0,0,0,0,5,0,0,18,109656,0,3,4,11,1,0,0,0
"SNORA109",0,287,0,0,0,1,0,0,0,0,1,116,0,0,457,171,1,114,0,0
"MSN",0,2,0,0,0,0,0,0,0,0,90,637078,18,16,13,83,17,0,0,14
"ATP7A",0,0,0,0,0,0,0,0,0,0,6,53454,2,9,0,10,0,0,0,4
"RPL39",4,13792,2,1,0,1,0,3,8,19,10,2,0,10,6012,30,0,15432,66412,1
"STK26",0,0,0,0,0,0,0,1,2,12,16,104248,2,3,7,26,4,9037,0,2
"MTM1",0,372,0,0,5,0,0,2,0,0,8,82446,1,12,5,5,2,2882,0,0
"HNRNPR_1",0,0,0,0,0,0,0,2,0,0,21,21,6,16,1,49,135867,4,0,0
"LOC124905431",0,7,0,3,0,12,1,5,3,8,0,20,0,4,21,0,3,6932,15,23
"LOC124901290_1",0,0,0,0,0,0,1,0,6,1,1,3,50,13,0,4,3,0,0,3
"LOC124905460",0,43,0,0,0,7,0,8,4,6,4,0,24,21,1,124,0,0,2,8
"GOLGA8J_1",0,7,0,0,0,0,0,0,0,0,1,0,0,6,0,9,1,0,656,0
"GOLGA8EP_1",0,31,0,0,0,0,5,0,2,6,4,0,17,0,0,18,2,2,187,2
"LOC124905533",4,0,1,1,0,4,0,6,1,3,3,1,21,12,1,491,7,2,3,1
"LOC105379507",0,0,4,2,0,2,0,16,4,14,8,5,12,31,2,131,1,0,3,1
"MAP3K7CL_1",2,6451,0,0,0,1,0,40919,1,5,1,0,0,8,13445,0,0,2381,32,0
"LOC124905545",0,40,0,0,0,4,0,4,4,4,2,0,24,19,1,113,1,0,3,1
"YTHDC1_1",0,63,0,2,0,0,0,0,0,0,14,135185,6,5,2,49,1,0,0,0
"SNHG32_1",0,0,0,0,0,0,0,0,0,0,6,73250,2,1,1,8,2,0,0,0
"RPL19P12_1",0,1343,0,0,0,0,0,0,825,1,1,5455,0,0,47,0,0,263,2741,0
"GOLGA8EP_2",0,0,0,0,0,0,5,0,0,6,2,0,0,6,1,3,2,2,47,2
"CRK_1",0,0,0,0,0,0,0,0,0,0,3,41709,3,8,0,161,1,0,0,0
"LOC105379023_1",0,42,1,3,0,0,0,112,0,2,1,0,3,0,0,64,2,0,0,1
"TNXB_2",6,0,4,0,0,0,2,0,0,0,0,0,13,9,0,99,11,0,0,2
"ARL17A_1",0,0,0,0,0,2,0,0,61,0,2,0,4,2,0,79,4,0,0,2
"TNXB_3",0,0,0,0,0,0,4,0,0,0,0,0,15,15,0,40,1,0,0,4
"TUBB_7",0,2184,0,0,0,0,0,4,295,48,0,0,0,0,0,63,1,216450,13,6
"TRNF",0,1141,2,0,0,3,1,0,0,0,6,0,0,0,173,1221,1,0,0,1
"TRNK",2,4527,0,0,0,364,1,3,2,3,2,13,1,7,15316,1,4,1232,3881,3
